  0, 0.3333,1,1.3818
  1,-1.0000,0,1.2970
  2,-0.7778,0,0.9766
  3, 1.0000,1,0.1178
  4,-0.5556,0,1.2999
  5,-0.1111,0,0.1105
  6,-0.3333,1,0.9853
  7,-1.0000,0,1.1022
  8, 0.3333,1,1.4934
  9, 0.7778,1,0.5376
 10,-0.1111,1,0.3922
 11, 0.3333,1,0.1203
 12, 0.1111,1,5.2421
 13,-0.3333,1,0.1963
 14,-0.7778,0,0.1012
 15,-0.7778,0,0.6244
 16,-0.3333,1,0.4732
 17, 0.7778,1,3.0480
 18, 0.5556,1,0.1555
 19,-1.0000,0,0.2055
 20, 0.5556,0,0.1009
 21,-0.1111,1,1.2560
 22, 0.3333,0,0.2310
 23,-0.1111,0,0.8395
 24,-0.5556,0,0.1466
 25, 0.1111,0,0.1860
 26, 0.7778,1,0.5340
 27, 0.1111,1,1.8138
 28,-0.3333,0,0.1019
 29,-0.5556,0,2.7238
 30, 1.0000,1,0.2862
 31, 0.1111,1,2.2213
 32,-0.1111,1,0.2174
 33, 0.1111,0,0.2869
 34,-0.1111,1,0.6782
 35,-0.3333,0,2.1911
 36,-0.3333,0,0.1409
 37, 0.7778,1,0.1030
 38,-0.7778,0,0.2715
 39, 1.0000,1,1.0344
 40,-0.5556,0,8.2101
 41, 0.3333,0,1.5578
 42,-1.0000,0,0.4921
 43, 1.0000,1,0.7759
 44,-0.7778,0,0.2500
 45,-0.5556,0,0.4007
 46,-0.3333,0,0.6703
 47, 1.0000,1,0.1618
 48,-0.7778,0,0.7316
 49, 0.3333,0,0.6402
 50, 0.1111,1,1.0188
 51, 0.3333,1,0.7918
 52,-1.0000,0,5.2801
 53, 0.3333,1,0.1429
 54,-1.0000,0,0.7440
 55,-1.0000,0,1.6319
 56,-0.1111,0,1.7182
 57, 0.1111,1,2.2773
 58,-0.3333,0,0.2173
 59,-0.3333,1,0.6907
 60, 1.0000,1,0.1650
 61,-0.5556,0,1.2350
 62, 0.1111,0,0.5826
 63,-0.1111,1,2.4186
 64, 0.5556,1,0.1512
 65,-0.7778,0,1.4328
 66, 0.3333,1,1.5048
 67, 0.1111,0,0.1351
 68, 1.0000,1,1.6164
 69, 0.5556,1,0.2602
 70, 1.0000,0,0.2330
 71, 0.5556,1,0.1143
 72,-0.5556,1,0.3672
 73,-0.1111,1,2.1982
 74,-0.1111,0,2.1229
 75, 0.3333,1,4.0719
 76, 0.1111,0,0.1006
 77, 0.1111,1,0.3549
 78, 0.1111,1,0.1005
 79,-1.0000,0,0.3901
 80, 0.7778,1,1.0284
 81, 0.7778,1,1.7255
 82, 0.7778,1,1.2703
 83,-0.1111,0,0.4015
 84, 0.1111,0,0.1604
 85,-0.5556,0,0.6789
 86, 0.1111,1,7.3523
 87, 0.3333,1,0.7979
 88,-0.7778,0,1.0368
 89,-0.7778,0,0.3926
 90,-0.7778,0,0.1610
 91,-0.3333,0,1.4619
 92, 0.7778,1,1.6994
 93,-1.0000,0,0.9586
 94,-0.5556,0,0.2907
 95,-0.5556,1,4.1940
 96,-0.1111,0,0.2418
 97,-0.1111,1,0.5603
 98,-0.3333,1,0.3096
 99,-0.1111,1,0.5200
100,-1.0000,0,0.7048
101,-0.1111,0,1.2425
102, 0.1111,0,0.2680
103,-0.7778,0,0.2343
104, 0.7778,1,2.9036
105, 0.3333,1,1.6265
106,-0.3333,1,0.1561
107,-0.5556,0,1.6604
108, 0.1111,1,0.7971
109,-0.5556,0,0.1907
110, 0.5556,0,0.1288
111, 0.3333,0,1.1706
112, 1.0000,1,0.1927
113, 0.5556,0,1.8152
114,-1.0000,0,1.3619
115, 1.0000,1,2.5628
116,-0.1111,1,1.5072
117, 1.0000,1,1.1393
118, 0.3333,1,0.1534
119,-0.3333,0,0.6525
120,-0.3333,0,0.9442
121,-0.7778,0,0.6212
122, 1.0000,1,0.2551
123,-0.5556,0,0.4559
124, 0.3333,0,0.1721
125,-0.1111,1,3.7916
126, 0.5556,1,0.7901
127,-0.1111,0,0.1627
128, 1.0000,1,1.5678
129,-0.5556,0,0.7444
130, 1.0000,1,0.1579
131,-0.3333,0,0.4824
132, 1.0000,1,0.1069
133,-0.5556,0,2.2740
134,-0.7778,0,0.1183
135, 0.7778,1,7.0829
136,-0.5556,0,2.5002
137,-0.5556,0,0.4699
138, 1.0000,1,1.0236
139,-0.1111,0,5.7296
140,-0.3333,1,5.4122
141, 0.7778,0,0.7064
142,-0.5556,0,1.5430
143,-0.3333,0,1.5133
144,-0.5556,0,0.5330
145, 1.0000,1,0.8213
146, 0.3333,1,0.1017
147, 0.1111,1,0.1019
148,-0.1111,0,0.6726
149,-0.3333,0,0.3459
150, 1.0000,1,1.1112
151,-0.5556,0,0.1161
152,-0.3333,0,2.4152
153,-0.3333,1,0.1290
154, 1.0000,1,0.8013
155, 1.0000,1,0.1244
156,-1.0000,0,1.8589
157, 0.3333,1,0.1977
158,-0.5556,0,0.1747
159, 0.5556,1,0.6140
160,-0.3333,0,0.5587
161,-1.0000,0,3.5106
162, 0.1111,1,0.1170
163, 1.0000,1,0.1003
164, 0.7778,1,2.0751
165,-0.1111,0,0.8347
166,-0.7778,0,2.8860
167,-0.3333,0,0.1014
168,-0.5556,1,1.8956
169,-0.1111,0,9.8010
170, 0.7778,1,0.4632
171, 0.3333,1,0.7208
172,-1.0000,0,0.5082
173, 0.1111,1,2.1923
174, 0.3333,1,0.1725
175,-1.0000,0,0.2886
176,-0.5556,0,1.0695
177, 0.3333,1,0.1425
178,-0.3333,0,1.0370
179,-0.7778,0,2.6240
180, 1.0000,1,0.1637
181, 0.3333,1,2.5780
182, 0.7778,1,0.7297
183, 0.5556,1,0.6686
184,-0.7778,0,2.6244
185,-1.0000,0,0.6909
186, 0.5556,1,0.4503
187,-0.7778,0,0.7222
188,-0.3333,0,0.8622
189, 0.7778,1,0.9517
190,-0.3333,0,0.7885
191,-0.3333,0,0.4209
192,-1.0000,0,0.1001
193, 0.1111,0,1.8844
194, 0.7778,1,0.1103
195,-1.0000,0,0.1465
196,-1.0000,0,0.5547
197, 0.3333,1,0.9872
198,-0.3333,0,0.1042
199, 0.7778,1,2.4260
